speciesName	ln(snoutVentLength)	ln(relativeHindlimbLength)	ln(numScalesAcrossSnout)
acutus	4.204692619	-1.228846741	1.945910149
aeneus	4.343805422	-1.378914254	2.079441542
aequatorialis	4.521788577	-1.134764374	2.564949357
agassizi	4.844187086	-1.184670923	1.945910149
agueroi	5.036952602	-1.609437912	1.945910149
ahli	4.077537444	-1.220185135	2.197224577
alayoni	NA	NA	NA
alfaroi	NA	NA	NA
aliniger	4.094344562	-1.464355469	2.079441542
allisoni	4.510859507	-1.464929807	1.945910149
allogus	4.143134726	-1.246004283	2.302585093
altae	3.784189634	-1.356194715	2.151762203
altitudinalis	3.951243719	-1.514127733	1.609437912
altavelensis	3.951243719	-1.234780466	1.791759469
alumina	3.688879454	-1.307962518	1.945910149
alutaceus	3.63758616	-1.357441732	2.079441542
alvarezdeltoroi	4.234106505	-0.996454571	2.079441542
amplisquamosus	3.784189634	-1.29700767	1.609437912
anatoloros	NA	NA	NA
anchicayae	4.143134726	-1.317939041	2.397895273
anfiloquiae	3.761200116	-1.237874356	2.079441542
angusticeps	3.951243719	-1.612880257	1.945910149
annectens	4.356708827	-1.237874356	2.302585093
anoriensis	NA	NA	NA
antioquiae	4.369447852	-1.427116356	2.890371758
antonii	4.007333185	-1.2774296	2.197224577
apletophallus 	3.850147602	-1.111599484	2.525728644
apollinaris	4.663439094	-1.361371295	2.397895273
aquaticus	4.290459441	-1.152322016	2.48490665
argenteolus	4.025351691	-1.213634715	2.079441542
argillaceus	3.871201011	-1.501262872	1.609437912
armouri	4.204692619	-1.231591652	1.945910149
auratus	3.988984047	-1.423038284	2.197224577
aurifer	NA	NA	NA
bahorucoensis	3.931825633	-1.255480361	2.079441542
baleatus	5.192956851	-1.343376345	1.609437912
baracoae	5.147494477	-1.393810625	1.791759469
barahonae	5.075173815	-1.335188811	1.791759469
barkeri	4.615120517	-1.203972804	2.197224577
bartschi	4.356708827	-1.130961564	2.197224577
beckeri	4.110873864	-1.46967597	2.079441542
bellipeniculus	4.248495242	-1.46967597	1.609437912
benedikti	3.891820298	-1.078809661	2.708050201
bicaorum	4.204692619	-1.127380359	2.302585093
bimaculatus	4.812184355	-1.302094795	1.945910149
binotatus	3.931825633	-1.155894289	2.397895273
biporcatus	4.585	-1.358679194	2.302585093
birama	NA	NA	NA
biscutiger	3.63758616	-1.203102861	2.397895273
blanquillanus	4.442651256	-1.34782808	1.945910149
bocourti	3.761200116	-1.237874356	2.420368129
boettgeri	4.234106505	-1.331446561	2.197224577
bombiceps	4.204692619	-1.022035789	2.48490665
bonairensis	4.262679877	-1.318318567	2.079441542
boulengerianus	4.143134726	-1.131652143	2.079441542
brasiliensis	4.189654742	-1.137693639	2.251291799
barbouri	3.850147602	-1.151880643	1.945910149
barbatus	5.135798437	-1.537550683	1.945910149
bremeri	4.276666119	-1.32024445	1.791759469
breslini	4.043051268	-1.167962367	1.791759469
brevirostris	3.970291914	-1.237667017	1.791759469
brunneus	4.33073334	-1.447702062	1.609437912
calimae	4.077537444	-1.527086877	2.197224577
campbelli	3.931825633	-1.139434283	1.987874348
capito	4.553876892	-1.083427182	2.397895273
caquetae	4.060443011	-1.346020462	2.302585093
carlostoddi	4.025351691	-1.560817225	1.609437912
carolinensis	4.262679877	-1.412824351	1.945910149
carpenteri	3.80666249	-1.312706004	2.564949357
casildae	4.644390899	-1.173609941	2.772588722
caudalis	3.970291914	-1.351907995	1.791759469
centralis	3.737669618	-1.485993721	1.609437912
chamaeleonides	5.176149733	-1.508767039	2.197224577
charlesmyeri	4.356708827	-1.427116356	2.014903021
chloris	4.127134385	-1.347073648	2.564949357
chlorocyanus	4.382026635	-1.286695475	1.945910149
chocorum	4.369447852	-1.237874356	2.564949357
christophei	3.912023005	-1.248913445	2.197224577
chrysolepis	4.304065093	-1.043508529	2.442347035
chrysops	4.779123493	-1.30933332	1.791759469
clivicola	3.891820298	-1.241989423	2.197224577
cobanensis	3.912023005	-1.290484056	2.302585093
coelestinus	4.430816799	-1.399353054	2.397895273
compressicauda	4.007333185	-1.170271365	2.079441542
concolor	4.382026635	-1.259839975	2.197224577
confusus	3.891820298	-1.238578334	1.609437912
conspersus	4.248495242	-1.36804372	2.079441542
cooki	4.290459441	-1.204636092	1.791759469
cupreus	4.007333185	-1.263449791	2.302585093
cuprinus	4.234106505	-1.216739561	2.197224577
crassulus	3.970291914	-1.27899398	1.945910149
cristifer	4.477336814	-1.419308173	2.197224577
cristatellus	4.382026635	-1.187277926	1.791759469
cryptolimifrons	3.80666249	-1.180907531	2.525728644
cupeyalensis	3.526360525	-1.448917784	1.791759469
cuscoensis	4.060443011	-1.36424088	2.302585093
cusuco	3.828641396	-1.32972401	2.140066163
cuvieri	4.919980926	-1.263485727	2.197224577
cyanopleurus	NA	NA	NA
cybotes	4.394449155	-1.183216925	1.945910149
cymbops	NA	NA	NA
danieli	4.762173935	-1.259931458	2.302585093
darlingtoni	NA	NA	NA
datzorum	3.850147602	-1.347073648	2.014903021
desechensis	4.043051268	-1.160767019	1.791759469
desiradei	4.382026635	-1.237874356	1.704748092
dissimilis	4.025351691	-1.537117251	1.945910149
distichus	4.060443011	-1.228094245	1.791759469
dolichocephalus	3.951243719	-1.285658319	2.079441542
dollfusianus	3.761200116	-1.277275623	2.397895273
dominicensis	4.060443011	-1.262308381	1.386294361
duellmani	3.63758616	-1.229108778	1.945910149
dunni	4.060443011	-1.33376916	1.791759469
equestris	5.236441963	-1.35462802	1.791759469
ernestwilliamsi	4.406719247	-1.204083663	1.945910149
etheridgei	3.784189634	-1.055944782	2.48490665
eugenegrahami	4.276666119	-1.12278265	2.63905733
eulaemus	4.615120517	-1.241328591	2.772588722
euskalerriari	NA	NA	NA
evermanni	4.356708827	-1.286426167	1.945910149
extremus	4.418840608	-1.3705903	2.197224577
fairchildi	4.33073334	-1.498772345	1.609437912
fasciatus	4.276666119	-1.286109423	2.397895273
favillarum	3.951243719	-1.203972804	1.386294361
ferreus	4.779123493	-1.281430071	1.609437912
festae	4.007333185	-1.514127733	2.302585093
fitchi 	4.510859507	-1.209151247	2.833213344
forbesi	NA	NA	NA
forresti	3.951243719	-1.30933332	1.558144618
fortunensis	3.891820298	-1.356322088	2.397895273
fowleri	4.356708827	-1.265289228	1.945910149
fraseri	4.691347882	-1.449654963	2.079441542
frenatus	4.96284463	-1.212371612	2.48490665
fugitivus	3.555348061	-1.235721503	2.079441542
fungosus	3.871201011	-1.437587656	1.945910149
fuscoauratus	3.828641396	-1.281388494	2.48490665
gadovii	4.382026635	-1.188509068	2.397895273
gaigei	3.970291914	-1.237874356	2.388762789
garmani	4.875197323	-1.337159563	2.197224577
garridoi	3.737669618	-1.609437912	1.791759469
gemmosus	4.189654742	-1.253907461	2.708050201
ginaelisae	4.718498871	-1.386294361	1.945910149
gingivinus	4.276666119	-1.254773019	1.945910149
gorgonae	4.127134385	-1.287354413	2.397895273
gracilipes 	4.060443011	-1.115971096	2.564949357
grahami	4.317488114	-1.313575108	2.397895273
granuliceps	3.850147602	-1.173982091	2.890371758
griseus	4.912654886	-1.275809383	2.197224577
gruuo	3.784189634	-1.318360251	2.197224577
guafe	NA	NA	NA
guamuhaha	5.087596335	-1.565421027	1.791759469
guazuma	3.850147602	-1.704748092	1.791759469
gundlachi	4.276666119	-1.171962312	2.302585093
haetianus	4.394449155	-1.198206726	1.791759469
hendersoni	3.951243719	-1.329368424	1.945910149
heteropholidotus	3.931825633	-1.237874356	1.609437912
heterodermus	4.33073334	-1.594122188	1.609437912
hobartsmithi	3.871201011	-1.171182982	2.302585093
homolechis	4.248495242	-1.301497824	1.945910149
huilae	4.382026635	-1.389107302	2.197224577
humilis	3.784189634	-1.166831621	2.197224577
ibanezi	4.394449155	-1.139434283	2.397895273
ignigularis	4.007333185	-1.187443502	1.386294361
imias	4.17438727	-1.171182982	2.079441542
inderenae	NA	NA	NA
inexpectatus	3.610917913	-1.242150913	2.079441542
insignis	5.056245805	-1.386294361	2.302585093
insolitus	3.850147602	-1.542031084	1.386294361
isolepis	3.951243719	-1.529302194	1.386294361
jacare	4.290459441	-1.427865649	1.945910149
johnmeyeri	4.290459441	-1.108662625	2.140066163
juangundlanchi	3.583518938	-1.392194083	1.945910149
jubar	4.127134385	-1.23537422	1.791759469
kahouannensis	4.290459441	-1.258781041	1.609437912
kemptoni	3.970291914	-1.345071645	2.197224577
koopmani	3.663561646	-1.272117532	2.302585093
kreutzi	NA	NA	NA
krugi	4.007333185	-1.241014076	1.791759469
kunayalae	4.691347882	-1.290771501	2.708050201
lamari	NA	NA	NA
latifrons	4.890349128	-1.155250694	2.564949357
laevis	NA	NA	NA
laeviventris	3.828641396	-1.415349281	2.079441542
leachii	4.727387819	-1.257382302	1.791759469
lemurinus	4.369447852	-1.201423733	2.197224577
limifrons	3.871201011	-1.1200714	2.564949357
limon	NA	NA	NA
lineatopus	4.290459441	-1.232615268	2.197224577
lineatus	4.290459441	-1.264867399	1.945910149
liogaster	3.988984047	-1.26562413	1.791759469
lionotus	4.343805422	-1.16406726	2.397895273
litoralis	3.688879454	-1.473305738	1.609437912
lividus	4.406719247	-1.297266346	1.791759469
longiceps	4.418840608	-1.401273475	1.945910149
longitibialis	4.276666119	-1.12654572	2.079441542
loveridgei	4.770684624	-1.201645557	2.48490665
loysianus	3.713572067	-1.450471385	1.609437912
luciae	4.510859507	-1.354360102	2.079441542
lucius	4.234106505	-1.158519876	1.945910149
luteogularis	5.252273428	-1.403705401	1.386294361
luteosignifer	4.007333185	-1.311383906	1.791759469
lynchi	4.127134385	-1.084660483	3.135494216
lyra	4.343805422	-1.177893092	2.302585093
maculigula	4.672828834	-1.171182982	2.772588722
macilentus	3.713572067	-1.203972804	2.079441542
macrolepis	4.127134385	-1.175352847	2.302585093
macrinii	4.553876892	-1.351723017	2.079441542
macrophallus	3.871201011	-1.171182982	2.197224577
maculiventris	3.828641396	-1.234672405	2.564949357
magnaphallus	4.007333185	-1.175936372	2.48490665
marcanoi	4.094344562	-1.176406541	2.079441542
mariarum	3.951243719	-1.324128321	2.302585093
marmoratus	4.430816799	-1.297416441	1.791759469
marron	3.912023005	-1.327032897	1.791759469
marsupialis	3.80666249	-1.160305858	2.197224577
matudai	3.931825633	-1.108662625	2.079441542
maynardi	4.33073334	-1.407684236	1.791759469
medemi	3.951243719	-1.233159425	2.63905733
megalopithecus	4.477336814	-1.203972804	2.63905733
megapholidotus	3.970291914	-1.379575411	2.014903021
menta	4.025351691	-1.479384784	1.791759469
meridionalis	4.060443011	-1.384839815	2.197224577
mestrei	NA	NA	NA
microlepidotus	3.784189634	-1.403141932	1.791759469
microtus	4.787491743	-1.454887153	1.791759469
milleri	3.610917913	-1.162081863	2.079441542
mirus	NA	NA	NA
monticola	4.007333185	-1.086986431	2.302585093
monensis	4.043051268	-1.227553957	1.945910149
monteverde	3.912023005	-1.378326191	2.054123734
morazani	3.951243719	-1.15518264	1.704748092
muralla	NA	NA	NA
nasofrontalis	NA	NA	NA
naufragus	3.912023005	-1.1228559	1.945910149
nebuloides	3.931825633	-1.299561701	1.945910149
neblininus	4.158883083	-1.46967597	1.609437912
nebulosus	3.850147602	-1.368240687	1.945910149
nelsoni	4.248495242	-1.228231894	2.079441542
nicefori	4.143134726	-1.737692248	1.791759469
noblei	5.247024072	-1.326409509	2.079441542
notopholis	3.891820298	-1.134901523	2.197224577
nubilus	4.394449155	-1.241309648	1.945910149
occultus	3.737669618	-1.754765132	2.564949357
ocelloscapularis	3.737669618	-1.043109504	2.397895273
oculatus	4.564348191	-1.255348838	1.945910149
oligaspis	3.988984047	-1.609437912	2.197224577
olssoni	3.912023005	-1.342449753	1.945910149
omiltemanus	3.784189634	-1.458840782	1.791759469
onca	4.521788577	-1.346195075	2.302585093
opalinus	4.025351691	-1.341097856	2.079441542
ophiolepis	3.688879454	-1.507063502	2.197224577
oporinus	NA	NA	NA
orcesi	4.077537444	-1.663996897	1.386294361
ortonii	4.077537444	-1.364095096	2.197224577
otongae	NA	NA	NA
oxylophus	4.33073334	-1.237874356	2.351375257
pachypus	3.988984047	-1.169595515	2.63905733
paravertebralis	NA	NA	NA
parilis	4.394449155	-1.30933332	2.833213344
paternus	3.912023005	-1.507340042	1.791759469
parvicirculatus	3.912023005	-1.062759209	2.197224577
parvauritus	4.454	-1.30933332	2.459588842
pentaprion	4.343805422	-1.437922557	1.945910149
peraccae	3.951243719	-1.379817188	2.302585093
petersii	4.770684624	-1.350292147	2.302585093
peucephilus	3.713572067	-1.514127733	1.791759469
philopunctatus	4.290459441	-1.320044976	2.397895273
phyllorhinus	NA	NA	NA
pigmaequestris	4.941642423	-1.335505396	1.791759469
pijolense	NA	NA	NA
pinchoti	3.951243719	-1.270118489	2.397895273
pseudokemptoni	4.007333185	-1.347073648	2.302585093
placidus	3.828641396	-1.748214425	1.791759469
planiceps	4.33073334	-1.139434283	2.251291799
podocarpus	NA	NA	NA
poecilopus	4.276666119	-1.144841818	2.944438979
poei	NA	NA	NA
pogus	3.912023005	-1.30421625	1.945910149
polylepis	4.043051268	-1.179586336	2.48490665
poncensis	3.891820298	-1.419062329	1.791759469
pseudopachypus	NA	NA	NA
porcus	5.087596335	-1.507246972	2.079441542
porcatus	4.356708827	-1.410304245	1.791759469
princeps	4.762173935	-1.13251384	2.708050201
proboscis	4.317488114	-1.704477694	2.197224577
propinquus	NA	NA	NA
properus	3.931825633	-1.272965676	1.386294361
pseudotigrinus	NA	NA	NA
pulchellus	3.931825633	-1.351088403	1.791759469
pumilus	3.496507561	-1.490780369	1.791759469
punctatus	4.48863637	-1.399113702	2.397895273
purpurgularis	4.077537444	-1.123930097	2.197224577
pygmaeus	3.555348061	-1.203972804	2.079441542
quadriocellifer	4.025351691	-1.353887607	1.945910149
quaggulus	3.688879454	-1.145703896	2.079441542
quercorum	3.80666249	-1.388183649	1.945910149
ravitergum	4.025351691	-1.280134165	1.386294361
rubribarbaris	3.871201011	-1.203972804	1.791759469
rubribarbus	4.143134726	-1.197748221	2.079441542
reconditus	4.605170186	-1.177217044	2.079441542
rejectus	3.610917913	-1.286075245	2.079441542
richardi	4.941642423	-1.246491899	2.079441542
ricordii	5.075173815	-1.35235458	1.945910149
rimarum	3.80666249	-1.067982023	2.197224577
rivalis	4.158883083	-1.073919676	2.833213344
roatanensis	3.931825633	-1.084709383	2.079441542
rodriguezii	3.828641396	-1.132691602	2.197224577
roosevelti	5.075173815	-1.174797315	1.945910149
roquet	4.454347296	-1.326347054	2.197224577
rubiginosus	3.891820298	-1.272965676	2.079441542
ruibali	NA	NA	NA
ruizii	4.043051268	-1.466337069	2.079441542
rupinae	4.025351691	-1.150034275	2.48490665
sabanus	4.234106505	-1.256272885	1.945910149
sagrei	4.248495242	-1.293886941	1.945910149
salvini	4.110873864	-1.492062244	1.791759469
santamartae	NA	NA	NA
schiedii	4.060443011	-1.108662625	2.079441542
schwartzi	3.891820298	-1.214694933	1.791759469
scriptus	4.33073334	-1.247329973	1.791759469
scypheus	4.356708827	-1.098001737	2.564949357
semilineatus	3.850147602	-1.267151706	2.079441542
sericeus	3.850147602	-1.345945088	1.945910149
serranoi	4.442651256	-1.201027294	2.197224577
sheplani	3.713572067	-1.827377105	1.791759469
shrevei	4.094344562	-1.243214151	1.945910149
singularis	NA	NA	NA
smallwoodi	5.247024072	-1.336144577	1.791759469
smaragdinus	4.043051268	-1.460848105	1.791759469
sminthus	3.951243719	-1.293680543	1.791759469
soinii	4.406719247	-1.225611979	2.48490665
solitarius	3.951243719	-1.495099403	2.079441542
spectrum	3.737669618	-1.346154359	1.791759469
squamulatus	4.553876892	-1.33231836	2.564949357
strahmi	4.382026635	-1.096515119	1.945910149
stratulus	3.951243719	-1.348453449	1.945910149
subocularis	4.143134726	-1.258934362	2.079441542
sulcifrons	4.127134385	-1.420922718	2.197224577
tandai	4.248495242	-0.967584026	2.525728644
taylori	4.356708827	-1.283556164	1.945910149
tenorioensis	NA	NA	NA
terraealtae	4.382026635	-1.241328591	1.791759469
terueli	3.663561646	-1.524140332	1.386294361
tetarii	NA	NA	NA
tigrinus	4.043051268	-1.523615293	1.945910149
toldo	NA	NA	NA
tolimensis	4.007333185	-1.30933332	2.197224577
townsendi	4.043051268	-1.277762443	2.397895273
trachyderma	4.110873864	-1.124794775	2.708050201
transversalis	4.430816799	-1.369725935	1.945910149
tropidonotus	4.007333185	-1.208078289	2.197224577
tropidogaster	4.007333185	-1.202152968	2.595254707
trinitatis	4.304065093	-1.371493893	2.079441542
tropidolepis	4.077537444	-1.208108594	2.63905733
umbrivagus	NA	NA	NA
uniformis	3.688879454	-1.129998602	2.079441542
unilobatus	3.891820298	-1.411670579	2.079441542
utilensis	4.127134385	-1.349223235	1.791759469
valencienni	4.454347296	-1.528871164	1.791759469
vanidicus	3.663561646	-1.427116356	1.791759469
vanzolinii	4.644390899	-1.606977887	1.386294361
vaupesianus	4.406719247	-1.478941424	2.302585093
ventrimaculatus	4.382026635	-1.080508897	2.772588722
vermiculatus	4.812184355	-1.220317374	2.302585093
vescus	NA	NA	NA
vicarius	NA	NA	NA
villai	4.007333185	-1.231787493	2.197224577
vinosus	NA	NA	NA
vittigerus	4.094344562	-1.167297326	2.302585093
wampuensis	NA	NA	NA
wattsi	4.060443011	-1.28951074	1.791759469
websteri	4.007333185	-1.352205386	1.791759469
wellbornae	3.912023005	-1.386294361	2.014903021
wermuthi	NA	NA	NA
whitemani	4.204692619	-1.18201875	2.197224577
williamsmittermeierorum	4.189654742	-1.566878298	1.609437912
woodi	4.521788577	-1.184802888	2.48490665
yoroensis	3.663561646	-1.166434885	2.397895273
Basiliscus basiliscus	5.480638923	-1.078809661	1.945910149
Basiliscus galeritus 	5.480638923	-1.021651248	2.079441542
Basiliscus plumifrons	5.480638923	-1.021651248	2.079441542
Basiliscus vittatus	5.416100402	-1.021651248	1.945910149
Corytophanes cristatus	4.787491743	-1.049822124	1.609437912
Corytophanes hernandezi	4.787491743	-0.867500568	1.791759469
Corytophanes percarinuatus	4.605170186	-1.049822124	1.791759469
zeus	3.761200116	-1.078809661	2.302585093
Laemanctus longipes	5.010635294	-0.891598119	2.197224577
Laemanctus serratus	5.247024072	-0.867500568	1.098612289
